orientation:
  w: 0.924900527641659
  x: 0.0
  y: 0.0
  z: -0.3802091713362276
position:
  x: 0.956742554154819
  y: -1.721187026757649
  z: 0.0
