orientation:
  w: 0.9835530150943149
  x: 0.0
  y: 0.0
  z: -0.18061967362079448
position:
  x: -0.05032357154796604
  y: -1.2666781781887944
  z: 0.0
