orientation:
  w: 0.5006153171335325
  x: 0.0
  y: 0.0
  z: -0.8656698586940016
position:
  x: 1.3753716992116334
  y: -2.0581839731479925
  z: 0.0
