orientation:
  w: 0.9246704964745514
  x: 0.0
  y: 0.0
  z: -0.3807682667312322
position:
  x: 0.7335495533756652
  y: -1.4967736733329307
  z: 0.0
