orientation:
  w: 0.7321528560792134
  x: 0.0
  y: 0.0
  z: -0.6811403639009
position:
  x: 1.355809901620713
  y: -2.030957367333588
  z: 0.0
