orientation:
  w: 0.5725322466669213
  x: 0.0
  y: 0.0
  z: -0.8198822028355828
position:
  x: 1.3720590488889115
  y: -2.0734376877299985
  z: 0.0
