orientation:
  w: 0.9096875718310563
  x: 0.0
  y: 0.0
  z: -0.41529329594410347
position:
  x: -0.16786062242633648
  y: -1.1898172466857324
  z: 0.0
