orientation:
  w: 0.9602385149439414
  x: 0.0
  y: 0.0
  z: -0.27918093491184875
position:
  x: 0.5862082208493131
  y: -1.3968242756406501
  z: 0.0
