orientation:
  w: 0.07424766279628549
  x: 0.0
  y: 0.0
  z: -0.9972398330237763
position:
  x: 0.9619957453382973
  y: -2.265956463509166
  z: 0.0
