orientation:
  w: 0.921932666580431
  x: 0.0
  y: 0.0
  z: -0.3873501752831613
position:
  x: 1.1788304034963355
  y: -1.9626275254494803
  z: 0.0
