orientation:
  w: 0.985144997091992
  x: 0.0
  y: 0.0
  z: -0.1717245896912236
position:
  x: 0.46109503084864273
  y: -1.3325337180525954
  z: 0.0
