orientation:
  w: 0.9968971774738108
  x: 0.0
  y: 0.0
  z: -0.0787147860617649
position:
  x: 0.039116585369976226
  y: -1.284646051395891
  z: 0.0
