orientation:
  w: 0.18227176003458018
  x: 0.0
  y: 0.0
  z: -0.9832481911978768
position:
  x: 1.2383324197093042
  y: -2.1851145701576127
  z: 0.0
